062250008622521
062250008622241
062250008622240
062250008622220
062250008622205
062250008622200
062250008622179
062250008622177
062250008622176
062250008622166
062250008622158
062250008622147
062250008622126
062250008622122
062250008622115
062250008622107
062237008823806
062233005807161
062005000279954
062005000279951
062005000279950
062005000279943
062005000279941
062005000279940
062005000279939
062005000279937
062005000279935
062005000279928
062005000279926
062005000279924
062005000279923
062005000279920
062005000279919
062005000279917
062005000279915
062005000279913
062005000279912
062005000279911
062005000279909
062005000279906
062005000279904
062005000279902
062005000279901
062005000279900
062005000279899
062005000279898
062005000279894
062005000279887
062005000279886
062005000279885
062005000279884
062005000279883
062005000279879
062005000279878
062005000279874
062005000279873
062005000279872
062005000279871
062005000279870
062005000279869
062005000279863
062005000279857
062005000279856
062005000279855
062005000279854
062005000279851
062005000279850
062005000279849
062005000279843
062005000279842
062005000279840
062005000279838
062005000279837
062005000279835
062005000279834
062005000279833
062005000279832
062005000279829
062005000279828
062005000279827
062005000279826
062005000279825
062005000279824
062005000279823
062005000279822
062005000279820
062005000279818
062005000279817
062005000279816
062005000279810
062005000279809
062005000279805
062005000279803
062005000279798
062005000279797
062005000279795
062005000279794
062005000279791
062005000279790
062005000279787
062005000279785
062005000279784
062005000279782
062005000279781
062005000279777
062005000279772
062005000279770
062005000279769
062005000279766
062005000279763
062005000279762
062005000279760
062005000279758
062005000279756
062005000279755
062005000279754
062005000279752
062005000279751
062005000279750
062005000279749
062005000279748
062005000279747
062005000279746
062005000279742
062005000279740
062005000279738
062005000279732
062005000279730
062005000279729
062005000279728
062005000279727
062005000279726
062005000279723
062005000279722
062005000279719
062005000279718
062005000279717
062005000279716
062005000279715
062005000279714
062005000279713
062005000279712
062005000279710
062005000279709
062005000279708
062005000279707
062005000279706
062005000279705
062005000279703
062005000279702
062005000279701
062005000279700
062005000279699
062005000279698
062005000279697
062005000279696
062005000279693
062005000279688
062005000279687
062005000279686
062005000279684
062005000279683
062005000279680
062005000279679
062005000279678
062005000279676
062005000279673
062005000279672
062005000279667
062005000279663
062005000279662
062005000279661
062005000279660
062005000279659
062005000279657
062005000279653
062005000279652
062005000279651
062005000279650
062005000279646
062005000279645
062005000270032
061904000056150
062005000279814
062005000279647
062005000279648
062005000279649
062005000279654
062005000279655
062005000279656
062005000279658
062005000279664
062005000279665
062005000279666
062005000279668
062005000279669
062005000279670
062005000279671
062005000279674
062005000279675
062005000279677
062005000279681
062005000279682
062005000279685
062005000279689
062005000279690
062005000279691
062005000279692
062005000279694
062005000279695
062005000279704
062005000279711
062005000279720
062005000279721
062005000279724
062005000279725
062005000279731
062005000279733
062005000279734
062005000279735
062005000279736
062005000279737
062005000279739
062005000279741
062005000279743
062005000279744
062005000279745
062005000279753
062005000279757
062005000279759
062005000279761
062005000279764
062005000279765
062005000279767
062005000279768
062005000279771
062005000279773
062005000279774
062005000279775
062005000279776
062005000279778
062005000279779
062005000279780
062005000279783
062005000279786
062005000279788
062005000279789
062005000279792
062005000279793
062005000279796
062005000279799
062005000279800
062005000279801
062005000279802
062005000279804
062005000279806
062005000279807
062005000279808
062005000279811
062005000279812
062005000279813
062005000279815
062005000279819
062005000279821
062005000279830
062005000279831
062005000279836
062005000279839
062005000279841
062005000279844
062005000279845
062005000279846
062005000279847
062005000279848
062005000279852
062005000279853
062005000279858
062005000279859
062005000279860
062005000279861
062005000279862
062005000279864
062005000279865
062005000279866
062005000279867
062005000279868
062005000279875
062005000279876
062005000279877
062005000279880
062005000279881
062005000279882
062005000279888
062005000279889
062005000279890
062005000279891
062005000279892
062005000279893
062005000279895
062005000279896
062005000279897
062005000279903
062005000279905
062005000279907
062005000279908
062005000279910
062005000279914
062005000279916
062005000279918
062005000279921
062005000279922
062005000279925
062005000279927
062005000279929
062005000279930
062005000279931
062005000279932
062005000279933
062005000279934
062005000279936
062005000279938
062005000279942
062005000279944
062005000279945
062005000279946
062005000279947
062005000279948
062005000279949
062005000279952
062005000279953
062233005807155
062233005807156
062233005807157
062250008621933
062250008621934
062250008621935
062250008621936
062250008621937
062250008621938
062250008621939
062250008621940
062250008621941
062250008621942
062250008621943
062250008621944
062250008621945
062250008621946
062250008621947
062250008621948
062250008621949
062250008621950
062250008621951
062250008621952
062250008621953
062250008621954
062250008621955
062250008621956
062250008621957
062250008621958
062250008621959
062250008621960
062250008621961
062250008621962
062250008621963
062250008621964
062250008621965
062250008621966
062250008621967
062250008621968
062250008621969
062250008621970
062250008621971
062250008621972
062250008621973
062250008621974
062250008621975
062250008621976
062250008621977
062250008621978
062250008621979
062250008621980
062250008621981
062250008621982
062250008621983
062250008621984
062250008621985
062250008621986
062250008621987
062250008621988
062250008621989
062250008621990
062250008621991
062250008621992
062250008621993
062250008621994
062250008621995
062250008621996
062250008621997
062250008621998
062250008621999
062250008622000
062250008622001
062250008622002
062250008622003
062250008622004
062250008622005
062250008622006
062250008622007
062250008622008
062250008622009
062250008622010
062250008622011
062250008622012
062250008622013
062250008622014
062250008622015
062250008622016
062250008622017
062250008622018
062250008622019
062250008622020
062250008622021
062250008622022
062250008622023
062250008622024
062250008622025
062250008622026
062250008622027
062250008622028
062250008622029
062250008622030
062250008622031
062250008622032
062250008622033
062250008622034
062250008622035
062250008622036
062250008622037
062250008622038
062250008622039
062250008622040
062250008622041
062250008622042
062250008622043
062250008622044
062250008622045
062250008622046
062250008622047
062250008622048
062250008622049
062250008622050
062250008622051
062250008622052
062250008622053
062250008622054
062250008622055
062250008622056
062250008622057
062250008622058
062250008622059
062250008622060
062250008622061
062250008622062
062250008622063
062250008622064
062250008622065
062250008622066
062250008622067
062250008622068
062250008622069
062250008622070
062250008622071
062250008622072
062250008622073
062250008622074
062250008622075
062250008622076
062250008622077
062250008622078
062250008622079
062250008622080
062250008622081
062250008622082
062250008622083
062250008622084
062250008622085
062250008622086
062250008622087
062250008622088
062250008622089
062250008622090
062250008622091
062250008622092
062250008622093
062250008622094
062250008622095
062250008622096
062250008622097
062250008622098
062250008622099
062250008622100
062250008622101
062250008622102
062250008622103
062250008622104
062250008622105
062250008622106
062250008622108
062250008622109
062250008622110
062250008622111
062250008622112
062250008622113
062250008622114
062250008622116
062250008622117
062250008622118
062250008622119
062250008622120
062250008622121
062250008622123
062250008622124
062250008622125
062250008622127
062250008622128
062250008622129
062250008622130
062250008622131
062250008622132
062250008622133
062250008622134
062250008622135
062250008622136
062250008622137
062250008622138
062250008622139
062250008622140
062250008622141
062250008622142
062250008622143
062250008622144
062250008622145
062250008622146
062250008622148
062250008622149
062250008622150
062250008622151
062250008622152
062250008622153
062250008622154
062250008622155
062250008622156
062250008622157
062250008622159
062250008622160
062250008622161
062250008622162
062250008622163
062250008622164
062250008622165
062250008622167
062250008622168
062250008622169
062250008622170
062250008622171
062250008622172
062250008622173
062250008622174
062250008622175
062250008622178
062250008622180
062250008622181
062250008622182
062250008622183
062250008622184
062250008622185
062250008622186
062250008622187
062250008622188
062250008622189
062250008622190
062250008622191
062250008622192
062250008622193
062250008622194
062250008622195
062250008622196
062250008622197
062250008622198
062250008622199
062250008622201
062250008622202
062250008622203
062250008622204
062250008622206
062250008622207
062250008622208
062250008622209
062250008622210
062250008622211
062250008622212
062250008622213
062250008622214
062250008622215
062250008622216
062250008622217
062250008622218
062250008622219
062250008622221
062250008622222
062250008622223
062250008622224
062250008622225
062250008622226
062250008622227
062250008622228
062250008622229
062250008622230
062250008622231
062250008622232
062250008622233
062250008622234
062250008622235
062250008622236
062250008622237
062250008622238
062250008622239
062250008622242
062250008622243
062250008622244
062250008622245
062250008622246
062250008622247
062250008622248
062250008622249
062250008622250
062250008622251
062250008622252
062250008622253
062250008622254
062250008622255
062250008622256
062250008622257
062250008622258
062250008622259
062250008622260
062250008622261
062250008622262
062250008622263
062250008622264
062250008622265
062250008622266
062250008622267
062250008622268
062250008622269
062250008622270
062250008622271
062250008622272
062250008622273
062250008622274
062250008622275
062250008622276
062250008622277
062250008622278
062250008622279
062250008622280
062250008622281
062250008622282
062250008622283
062250008622284
062250008622285
062250008622286
062250008622287
062250008622288
062250008622289
062250008622290
062250008622291
062250008622292
062250008622293
062250008622294
062250008622295
062250008622296
062250008622297
062250008622298
062250008622299
062250008622300
062250008622301
062250008622302
062250008622303
062250008622304
062250008622305
062250008622306
062250008622307
062250008622308
062250008622309
062250008622310
062250008622311
062250008622312
062250008622313
062250008622314
062250008622315
062250008622316
062250008622317
062250008622318
062250008622319
062250008622320
062250008622321
062250008622322
062250008622323
062250008622324
062250008622325
062250008622326
062250008622327
062250008622328
062250008622329
062250008622330
062250008622331
062250008622332
062250008622333
062250008622334
062250008622335
062250008622336
062250008622337
062250008622338
062250008622339
062250008622340
062250008622341
062250008622342
062250008622343
062250008622344
062250008622345
062250008622346
062250008622347
062250008622348
062250008622349
062250008622350
062250008622351
062250008622352
062250008622353
062250008622354
062250008622355
062250008622356
062250008622357
062250008622358
062250008622359
062250008622360
062250008622361
062250008622362
062250008622363
062250008622364
062250008622365
062250008622366
062250008622367
062250008622368
062250008622369
062250008622370
062250008622371
062250008622372
062250008622373
062250008622374
062250008622375
062250008622376
062250008622377
062250008622378
062250008622379
062250008622380
062250008622381
062250008622382
062250008622383
062250008622384
062250008622385
062250008622386
062250008622387
062250008622388
062250008622389
062250008622390
062250008622391
062250008622392
062250008622393
062250008622394
062250008622395
062250008622396
062250008622397
062250008622398
062250008622399
062250008622400
062250008622401
062250008622402
062250008622403
062250008622404
062250008622405
062250008622406
062250008622407
062250008622408
062250008622409
062250008622410
062250008622411
062250008622412
062250008622413
062250008622414
062250008622415
062250008622416
062250008622417
062250008622418
062250008622419
062250008622420
062250008622421
062250008622422
062250008622423
062250008622424
062250008622425
062250008622426
062250008622427
062250008622428
062250008622429
062250008622430
062250008622431
062250008622432
062250008622433
062250008622434
062250008622435
062250008622436
062250008622437
062250008622438
062250008622439
062250008622440
062250008622441
062250008622442
062250008622443
062250008622444
062250008622445
062250008622446
062250008622447
062250008622448
062250008622449
062250008622450
062250008622451
062250008622452
062250008622453
062250008622454
062250008622455
062250008622456
062250008622457
062250008622458
062250008622459
062250008622460
062250008622461
062250008622462
062250008622463
062250008622464
062250008622465
062250008622466
062250008622467
062250008622468
062250008622469
062250008622470
062250008622471
062250008622472
062250008622473
062250008622474
062250008622475
062250008622476
062250008622477
062250008622478
062250008622479
062250008622480
062250008622481
062250008622482
062250008622483
062250008622484
062250008622485
062250008622486
062250008622487
062250008622488
062250008622489
062250008622490
062250008622491
062250008622492
062250008622493
062250008622494
062250008622495
062250008622496
062250008622497
062250008622498
062250008622499
062250008622500
062250008622501
062250008622502
062250008622503
062250008622504
062250008622505
062250008622506
062250008622507
062250008622508
062250008622509
062250008622510
062250008622511
062250008622512
062250008622513
062250008622514
062250008622515
062250008622516
062250008622517
062250008622518
062250008622519
062250008622520
062250008622522
062250008622523
062250008622524
062250008622525
062250008622526
062250008622527
062250008622528
062250008622529
062250008622530
062250008622531
062250008622532
062250008622533
062250008622534
062250008622535
062250008622536
062250008622537
062250008622538
062250008622539
062250008622540
062250008622541
062250008622542
062250008622543
062250008622544
062250008622545
062250008622546
062250008622547
062250008622548
062250008622549
062250008622550
062250008622551
062250008622552
062250008622553
062250008622554
062250008622555
062250008622556
062250008622557
062250008622558
062250008622559
062250008622560
062250008622561
062250008622562
062250008622563
062250008622564
062250008622565
062250008622566
062250008622567
062250008622568
062250008622569
062250008622570
062250008622571
062250008622572
062250008622573
062250008622574
062250008622575
062250008622576
062250008622577
062250008622578
062250008622579
062250008622580
062250008622581
062250008622582
062250008622583
062250008622584
062250008622585
062250008622586
062250008622587
062250008622588
062250008622589
062250008622590
062250008622591
062250008622592
062250008622593
062250008622594
062250008622595
062250008622596
062250008622597
062250008622598
062250008622599
062250008622600
062250008622601
062250008622602
062250008622603
062250008622604
062250008622605
062250008622606
062250008622607
062250008622608
062250008622609
062250008622610
062250008622611
062250008622612
062250008622613
062250008622614
062250008622615
062250008622616
062250008622617
062250008622618
062250008622619
062250008622620
062250008622621
062250008622622
062250008622623
062250008622624
062250008622625
062250008622626
062250008622627
062250008622628
062250008622629
062250008622630
062250008622631
062250008622632
062250008622633
062250008622634
062250008622635
062250008622636
062250008622637
062250008622638
062250008622639
062250008622640
062250008622641
062250008622642
062250008622643
062250008622644
062250008622645
062250008622646
062250008622647
062250008622648
062250008622649
062250008622650
062250008622651
062250008622652
062250008622653
062250008622654
062250008622655
062250008622656
062250008622657
062250008622658
062250008622659
062250008622660
062250008622661
062250008622662
062250008622663
062250008622664
062250008622665
062250008622666
062250008622667
062250008622668
062250008622669
062250008622670
062250008622671
062250008622672
062250008622673
062250008622674
062250008622675
062250008622676
062250008622677
062250008622678
062250008622679
062250008622680
062250008622681
062250008622682
062250008622683
062250008622684
062250008622685
062250008622686
062250008622687
062250008622688
062250008622689
062250008622690
062250008622691
062250008622692
062250008622693
062250008622694
062250008622695
062250008622696
062250008622697
062250008622698
062250008622699
062250008622700
062250008622701
062250008622702
062250008622703
062250008622704
062250008622705
062250008622706
062250008622707
062250008622708
062250008622709
062250008622710
062250008622711
062250008622712
062250008622713
062250008622714
062250008622715
062250008622716
062250008622717
062250008622718
062250008622719
062250008622720
062250008622721
062250008622722
062250008622723
062250008622724
062250008622725
062250008622726
062250008622727
062250008622728
062250008622729
062250008622730
062250008622731
062250008622732
062250008622733
062250008622734
062250008622735
062250008622736
062250008622737
062250008622738
062250008622739
062250008622740
062250008622741
062250008622742
062250008622743
062250008622744
062250008622745
062250008622746
062250008622747
062250008622748
062250008622749
062250008622750
062250008622751
062250008622752
062250008622753
062250008622754
062250008622755
062250008622756
062250008622757
062250008622758
062250008622759
062250008622760
062250008622761
062250008622762
062250008622763
062250008622764
062250008622765
062250008622766
062250008622767
062250008622768
062250008622769
062250008622770
062250008622771
062250008622772
062250008622773
062250008622774
062250008622775
062250008622776
062250008622777
062250008622778
062250008622779
062250008622780
062250008622781
062250008622782
062250008622783
062250008622784
062250008622785
062250008622786
062250008622787
062250008622788
062250008622789
062250008622790
062250008622791
062250008622792
062250008622793
062250008622794
062250008622795
062250008622796
062250008622797
062250008622798
062250008622799
062250008622800
062250008622801
062250008622802
062250008622803
062250008622804
062250008622805
062250008622806
062250008622807
062250008622808
062250008622809
062250008622810
062250008622811
062250008622812
062250008622813
062250008622814
062250008622815
062250008622816
062250008622817
062250008622818
062250008622819
062250008622820
062250008622821
062250008622822
062250008622823
062250008622824
062250008622825
062250008622826
062250008622827
062250008622828
062250008622829
062250008622830
062250008622831
062250008622832
062250008622833
062250008622834
062250008622835
062250008622836
062250008622837
062250008622838
062250008622839
062250008622840
062250008622841
062250008622842
062250008622843
062250008622844
062250008622845
062250008622846
062250008622847
062250008622848
062250008622849
062250008622850
062250008622851
062250008622852
062250008622853
062250008622854
062250008622855
062250008622856
062250008622857
062250008622858
062250008622859
062250008622860
062250008622861
062250008622862
062250008622863
062250008622864
062250008622865
062250008622866
062250008622867
062250008622868
062250008622869
062250008622870
062250008622871
062250008622872
062250008622873
062250008622874
062250008622875
062250008622876
062250008622877
062250008622878
062250008622879
062250008622880
062250008622881
062250008622882
062250008622883
062250008622884
062250008622885
062250008622886
062250008622887
062250008622888
062250008622889
062250008622890
062250008622891
062250008622892
062250008622893
062250008622894
062250008622895
062250008622896
062250008622897
062250008622898
062250008622899
062250008622900
062250008622901
062250008622902
062250008622903
062250008622904
062250008622905
062250008622906
062250008622907
062250008622908
062250008622909
062250008622910
062250008622911
062250008622912
062250008622913
062250008622914
062250008622915
062250008622916
062250008622917
062250008622918
062250008622919
062250008622920
062250008622921
062250008622922
062250008622923
062250008622924
062250008622925
062250008622926
062250008622927
062250008622928
062250008622929
062250008622930
062250008622931
062250008622932
062250008622933
062250008622934
062250008622935
062250008622936
062250008622937
062250008622938
062250008622939
062250008622940
062250008622941
062250008622942
062250008622943
062250008622944
062250008622945
062250008622946
062250008622947
062250008622948
062250008622949
062250008622950
062250008622951
062250008622952
062250008622953
062250008622954
062250008622955
062250008622956
062250008622957
062250008622958
062250008622959
062250008622960
062250008622961
062250008622962
062250008622963
062250008622964
062250008622965
062250008622966
062250008622967
062250008622968
062250008622969
062250008622970
062250008622971
062250008622972
062250008622973
062250008622974
062250008622975
062250008622976
062250008622977
062250008622978
062250008622979
062250008622980
062250008622981
062250008622982
062250008622983
062250008622984
062250008622985
062250008622986
062250008622987
062250008622988
062250008622989
062250008622990
062250008622991
062250008622992
062250008622993
062250008622994
062250008622995
062250008622996
062250008622997
062250008622998
062250008622999
062250008623000
062250008623001
062250008623002
062250008623003
062250008623004
062250008623005
062250008623006
062250008623007
062250008623008
062250008623009
062250008623010
062250008623011
062250008623012
062250008623013
062250008623014
062250008623015
062250008623016
062250008623017
062250008623018
062250008623019
062250008623020
062250008623021
062250008623022
062250008623023
062250008623024
062250008623025
062250008623026
062250008623027
062250008623028
062250008623029
062250008623030
062250008623031
062250008623032