89860622330058071655
89860622330058071630
89860622330058071622
89860622330058071614
89860622330058071598
89860622330058071580
89860622330058071572
89860622330058071564
89860620050002799548
89860620050002799530
89860620050002799522
89860620050002799498
89860620050002799480
89860620050002799472
89860620050002799464
89860620050002799456
89860620050002799449
89860620050002799423
89860620050002799415
89860620050002799381
89860620050002799365
89860620050002799340
89860620050002799332
89860620050002799324
89860620050002799316
89860620050002799308
89860620050002799290
89860620050002799274
89860622500086229828
89860620050002799258
89860620050002799225
89860620050002799217
89860620050002799183
89860622500086221080
89860620050002799167
89860620050002799142
89860620050002799126
89860620050002799100
89860620050002799084
89860622500086221841
89860620050002799076
89860622500086222161
89860620050002799050
89860620050002799035
89860622500086222070
89860620050002798979
89860620050002798961
89860620050002798953
89860620050002798938
89860620050002798920
89860620050002798912
89860620050002798904
89860620050002798896
89860620050002798888
89860620050002798821
89860620050002798813
89860620050002798805
89860620050002798797
89860620050002798771
89860620050002798763
89860620050002798755
89860620050002798680
89860620050002798672
89860620050002798664
89860620050002798656
89860620050002798649
89860620050002798623
89860620050002798607
89860620050002798599
89860620050002798581
89860620050002798532
89860620050002798524
89860620050002798482
89860620050002798474
89860620050002798466
89860620050002798458
89860620050002798441
89860620050002798417
89860620050002798391
89860620050002798367
89860620050002798318
89860620050002798300
89860620050002798219
89860620050002798193
89860620050002798151
89860620050002798144
89860620050002798136
89860620050002798128
89860620050002798110
89860620050002798086
89860620050002798078
89860620050002798060
89860620050002798045
89860620050002798029
89860620050002798011
89860620050002798003
89860620050002797997
89860620050002797963
89860620050002797930
89860620050002797922
89860620050002797898
89860620050002797880
89860620050002797864
89860620050002797831
89860620050002797807
89860620050002797799
89860620050002797781
89860620050002797765
89860620050002797757
89860622500086220777
89860622500086220868
89860620050002797740
89860622500086221056
89860622500086221023
89860622500086220900
89860622500086221064
89860622500086220959
89860622500086220884
89860622500086220769
89860622500086221049
89860622500086220801
89860622500086220827
89860622500086220934
89860622500086221007
89860622500086220975
89860620050002797732
89860620050002797716
89860620050002797682
89860620050002797674
89860620050002797658
89860620050002797641
89860620050002797617
89860620050002797591
89860620050002797575
89860620050002797534
89860622500086230016
89860622500086229877
89860622500086229554
89860622500086228804
89860622500086227053
89860622500086224175
89860622500086223615
89860622500086223409
89860622500086222815
89860622500086221999
89860622500086221809
89860622500086220330
89860622500086219563
89860622500086229695
89860622500086229273
89860622500086228242
89860622500086226949
89860622500086225420
89860622500086225362
89860622500086225115
89860622500086222542
89860622500086222468
89860622500086219902
89860622500086219894
89860622500086230131
89860622500086229471
89860622500086229315
89860622500086229299
89860622500086229281
89860622500086229026
89860622500086224449
89860622500086222914
89860622500086222898
89860622500086222591
89860622500086222153
89860622500086220058
89860622500086219746
89860622500086219696
89860622500086219555
89860622500086229976
89860622500086229760
89860622500086229638
89860622500086229000
89860622500086228937
89860622500086228812
89860622500086228788
89860622500086227863
89860622500086227558
89860622500086227343
89860622500086226915
89860622500086225974
89860622500086225776
89860622500086225750
89860622500086225560
89860622500086225552
89860622500086225396
89860622500086223714
89860622500086223268
89860622500086222732
89860622500086222351
89860622500086220892
89860622500086220298
89860622500086220017
89860622500086219670
89860622500086219548
89860622500086230065
89860622500086229539
89860622500086228457
89860622500086228390
89860622500086228382
89860622500086227707
89860622500086227244
89860622500086226972
89860622500086226188
89860622500086225875
89860622500086224977
89860622500086224670
89860622500086224159
89860622500086223557
89860622500086223235
89860622500086223094
89860622500086222690
89860622500086221429
89860622500086220371
89860622500086219852
89860622500086219571
89860622500086230156
89860622500086229745
89860622500086229711
89860622500086229018
89860622500086228481
89860622500086228291
89860622500086227905
89860622500086227699
89860622500086227434
89860622500086227418
89860622500086227335
89860622500086225529
89860622500086225008
89860622500086222278
89860622500086220116
89860622500086219688
89860622500086219373
89860622500086230008
89860622500086229174
89860622500086228515
89860622500086228127
89860622500086226865
89860622500086225826
89860622500086224134
89860622500086221940
89860622500086220926
89860622500086229596
89860622500086228820
89860622500086228408
89860622500086228135
89860622500086227939
89860622500086226063
89860622500086225958
89860622500086223896
89860622500086221742
89860622500086221734
89860622500086220249
89860622500086230115
89860622500086229067
89860622500086228283
89860622500086228267
89860622500086227103
89860622500086224266
89860622500086223144
89860622500086222773
89860622500086220470
89860622500086220306
89860622500086228895
89860622500086227921
89860622500086227541
89860622500086227517
89860622500086227210
89860622500086226428
89860622500086226410
89860622500086225917
89860622500086225453
89860622500086224928
89860622500086224498
89860622500086223755
89860622500086222989
89860622500086222906
89860622500086222658
89860622500086222567
89860622500086222518
89860622500086222377
89860622500086221627
89860622500086220561
89860622500086229869
89860622500086227897
89860622500086227301
89860622500086225313
89860622500086224290
89860622500086223698
89860622500086223656
89860622500086223177
89860622500086221981
89860622500086221346
89860622500086220397
89860622500086219910
89860622500086229729
89860622500086229505
89860622500086227731
89860622500086227194
89860622500086226154
89860622500086225628
89860622500086224589
89860622500086224381
89860622500086224019
89860622500086221577
89860622500086221387
89860622500086229737
89860622500086229497
89860622500086228697
89860622500086227764
89860622500086227483
89860622500086227277
89860622500086225388
89860622500086223227
89860622500086222757
89860622500086222294
89860622500086221817
89860622500086221569
89860622500086219860
89860622500086229075
89860622500086229059
89860622500086228218
89860622500086225321
89860622500086224373
89860622500086224365
89860622500086224324
89860622500086223011
89860622500086222120
89860622500086221296
89860622500086220678
89860622500086230107
89860622500086230057
89860622500086229919
89860622500086228176
89860622500086227830
89860622500086227509
89860622500086227236
89860622500086227111
89860622500086226014
89860622500086225149
89860622500086224712
89860622500086224480
89860622500086224316
89860622500086223425
89860622500086222971
89860622500086222948
89860622500086222583
89860622500086221361
89860622500086219928
89860622500086229463
89860622500086229380
89860622500086228069
89860622500086227780
89860622500086226402
89860622500086224597
89860622500086224423
89860622500086224274
89860622500086222575
89860622500086220553
89860622500086219357
89860622500086230081
89860622500086229109
89860622500086227889
89860622500086227400
89860622500086226824
89860622500086225644
89860622500086224993
89860622500086224639
89860622500086223953
89860622500086223920
89860622500086223151
89860622500086222260
89860622500086222047
89860622500086219605
89860622500086228432
89860622500086226196
89860622500086226055
89860622500086225222
89860622500086225180
89860622500086224555
89860622500086222963
89860622500086221254
89860622500086220694
89860622500086230297
89860622500086230198
89860622500086230172
89860622500086230123
89860622500086229216
89860622500086228911
89860622500086227798
89860622500086226964
89860622500086226832
89860622500086226139
89860622500086225982
89860622500086222559
89860622500086221445
89860622500086221411
89860622500086220413
89860622500086219886
89860622500086228622
89860622500086228606
89860622500086228044
89860622500086226899
89860622500086226220
89860622500086225545
89860622500086225487
89860622500086224944
89860622500086224787
89860622500086224563
89860622500086223938
89860622500086222187
89860622500086222138
89860622500086221890
89860622500086221874
89860622500086221304
89860622500086220710
89860622500086220140
89860622500086219795
89860622500086228705
89860622500086228440
89860622500086227822
89860622500086227392
89860622500086223946
89860622500086222708
89860622500086222252
89860622500086221197
89860622500086220207
89860622500086230230
89860622500086229901
89860622500086229570
89860622500086229117
89860622500086228317
89860622500086227251
89860622500086227046
89860622500086226683
89860622500086226238
89860622500086223797
89860622500086223706
89860622500086223672
89860622500086223573
89860622500086222625
89860622500086222492
89860622500086222385
89860622500086221247
89860622500086220595
89860622500086220504
89860622500086220231
89860622500086227970
89860622500086226568
89860622500086225883
89860622500086225669
89860622500086225131
89860622500086223060
89860622500086223003
89860622500086221536
89860622500086221114
89860622500086221015
89860622500086220363
89860622500086219829
89860622500086229984
89860622500086228523
89860622500086227947
89860622500086224464
89860622500086223391
89860622500086223185
89860622500086219977
89860622500086219704
89860622500086228770
89860622500086228614
89860622500086227855
89860622500086227293
89860622500086227087
89860622500086226840
89860622500086226782
89860622500086226329
89860622500086226170
89860622500086225172
89860622500086224506
89860622500086222310
89860622500086221676
89860622500086221130
89860622500086221106
89860622500086220702
89860622500086219464
89860622500086230263
89860622500086228986
89860622500086228689
89860622500086228119
89860622500086227624
89860622500086227012
89860622500086226659
89860622500086226378
89860622500086226162
89860622500086223763
89860622500086223664
89860622500086222674
89860622500086220728
89860622500086220660
89860622500086219530
89860622500086230305
89860622500086228796
89860622500086226923
89860622500086225701
89860622500086225255
89860622500086225032
89860622500086224084
89860622500086223052
89860622500086222849
89860622500086222146
89860622500086229604
89860622500086228473
89860622500086228374
89860622500086226709
89860622500086224951
89860622500086224613
89860622500086223912
89860622500086222062
89860622500086221171
89860622500086219761
89860622500086228879
89860622500086227020
89860622500086225933
89860622500086225834
89860622500086224225
89860622500086223995
89860622500086223722
89860622500086221650
89860622500086219589
89860622500086219399
89860622500086229182
89860622500086228051
89860622500086227681
89860622500086227368
89860622500086226741
89860622500086224878
89860622500086222369
89860622500086221437
89860622500086221163
89860622500086220819
89860622500086220173
89860622500086220009
89860622500086219480
89860622500086229653
89860622500086227640
89860622500086227566
89860622500086225891
89860622500086225867
89860622500086225156
89860622500086225065
89860622500086223813
89860622500086222740
89860622500086221031
89860622500086220918
89860622500086228853
89860622500086227988
89860622500086227657
89860622500086227525
89860622500086227095
89860622500086225206
89860622500086224845
89860622500086224076
89860622500086222633
89860622500086221205
89860622500086220124
89860622500086219456
89860622500086219449
89860622500086229687
89860622500086229141
89860622500086229034
89860622500086228077
89860622500086227533
89860622500086227061
89860622500086226766
89860622500086226642
89860622500086226105
89860622500086225339
89860622500086224696
89860622500086224662
89860622500086223771
89860622500086223508
89860622500086221619
89860622500086221213
89860622500086221098
89860622500086220215
89860622500086220108
89860622500086229166
89860622500086228424
89860622500086228366
89860622500086228150
89860622500086227137
89860622500086226469
89860622500086225719
89860622500086225602
89860622500086224621
89860622500086224100
89860622500086223417
89860622500086223318
89860622500086223284
89860622500086223136
89860622500086221825
89860622500086221502
89860622500086221189
89860622500086230222
89860622500086230164
89860622500086228754
89860622500086228655
89860622500086228572
89860622500086225677
89860622500086224514
89860622500086223128
89860622500086222864
89860622500086222096
89860622500086221759
89860622500086220314
89860622500086229794
89860622500086228929
89860622500086227152
89860622500086226345
89860622500086225990
89860622500086224233
89860622500086223540
89860622500086223086
89860622500086222302
89860622500086222211
89860622500086220942
89860622500086220744
89860622500086220496
89860622500086219407
89860622500086229927
89860622500086226204
89860622500086226048
89860622500086224860
89860622500086224803
89860622500086223987
89860622500086222039
89860622500086220991
89860622500086220751
89860622500086228564
89860622500086228549
89860622500086228234
89860622500086226717
89860622500086225685
89860622500086223862
89860622500086223839
89860622500086221924
89860622500086220736
89860622500086220199
89860622500086220165
89860622500086219837
89860622500086219738
89860622500086219431
89860622500086229950
89860622500086229836
89860622500086227996
89860622500086227202
89860622500086226691
89860622500086226618
89860622500086226006
89860622500086225016
89860622500086224829
89860622500086224472
89860622500086224217
89860622500086222724
89860622500086222328
89860622500086221601
89860622500086220645
89860622500086220520
89860622500086229786
89860622500086229646
89860622500086229430
89860622500086229331
89860622500086228887
89860622500086228671
89860622500086228341
89860622500086226261
89860622500086225057
89860622500086224001
89860622500086223532
89860622500086222617
89860622500086222484
89860622500086222435
89860622500086221320
89860622500086220611
89860622500086219472
89860622500086229752
89860622500086229562
89860622500086229042
89860622500086228556
89860622500086227426
89860622500086225792
89860622500086225768
89860622500086225024
89860622500086224894
89860622500086224548
89860622500086224142
89860622500086223680
89860622500086223292
89860622500086221908
89860622500086221148
89860622500086228143
89860622500086227871
89860622500086226758
89860622500086226022
89860622500086225909
89860622500086225347
89860622500086222930
89860622500086222856
89860622500086222534
89860622500086221783
89860622500086220587
89860622500086220090
89860622500086219639
89860622500086219423
89860622500086230032
89860622500086229810
89860622500086229406
89860622500086227590
89860622500086227285
89860622500086227269
89860622500086225859
89860622500086225693
89860622500086225040
89860622500086220843
89860622500086220488
89860622500086219597
89860622500086229125
89860622500086228739
89860622500086226253
89860622500086225842
89860622500086224761
89860622500086224753
89860622500086224035
89860622500086224027
89860622500086223789
89860622500086223565
89860622500086221882
89860622500086220405
89860622500086230313
89860622500086229893
89860622500086226493
89860622500086226246
89860622500086225412
89860622500086225248
89860622500086224969
89860622500086224779
89860622500086220355
89860622500086219753
89860622500086230206
89860622500086230040
89860622500086229620
89860622500086229356
89860622500086228903
89860622500086227962
89860622500086227350
89860622500086226527
89860622500086224571
89860622500086224522
89860622500086224407
89860622500086222807
89860622500086222641
89860622500086221452
89860622500086230099
89860622500086229851
89860622500086228275
89860622500086228002
89860622500086227814
89860622500086226956
89860622500086226451
89860622500086225354
89860622500086225073
89860622500086224936
89860622500086224795
89860622500086224308
89860622500086223854
89860622500086223847
89860622500086223102
89860622500086221270
89860622500086220447
89860622500086229778
89860622500086229679
89860622500086229372
89860622500086228994
89860622500086228325
89860622500086226121
89860622500086225818
89860622500086224183
89860622500086223524
89860622500086222880
89860622500086222666
89860622500086222344
89860622500086222245
89860622500086220348
89860622500086219878
89860622500086219654
89860622500086219381
89860622500086226907
89860622500086226444
89860622500086226436
89860622500086226113
89860622500086225123
89860622500086224340
89860622500086223979
89860622500086223458
89860622500086222013
89860622500086220876
89860622500086229661
89860622500086229240
89860622500086228648
89860622500086228358
89860622500086228259
89860622500086227913
89860622500086226311
89860622500086225537
89860622500086223631
89860622500086223334
89860622500086223078
89860622500086221403
89860622500086220546
89860622500086219936
89860622500086229489
89860622500086229364
89860622500086228663
89860622500086227756
89860622500086227723
89860622500086227715
89860622500086227004
89860622500086226998
89860622500086226774
89860622500086226584
89860622500086225578
89860622500086224605
89860622500086223466
89860622500086223045
89860622500086222922
89860622500086221395
89860622500086220389
89860622500086220132
89860622500086219803
89860622500086219779
89860622500086230289
89860622500086230180
89860622500086226790
89860622500086225099
89860622500086224985
89860622500086224910
89860622500086224092
89860622500086223870
89860622500086223748
89860622500086223276
89860622500086222781
89860622500086222195
89860622500086221726
89860622500086221312
89860622500086219415
89860622500086229943
89860622500086228416
89860622500086227806
89860622500086227772
89860622500086226980
89860622500086226592
89860622500086226535
89860622500086224258
89860622500086224043
89860622500086221833
89860622500086221643
89860622500086221486
89860622500086221353
89860622500086220256
89860622500086219498
89860622500086227582
89860622500086227491
89860622500086227129
89860622500086226733
89860622500086226634
89860622500086226550
89860622500086226279
89860622500086226089
89860622500086223805
89860622500086222997
89860622500086222336
89860622500086221593
89860622500086220512
89860622500086220272
89860622500086219647
89860622500086219621
89860622500086229802
89860622500086229547
89860622500086229307
89860622500086228945
89860622500086228226
89860622500086227467
89860622500086226600
89860622500086226071
89860622500086225800
89860622500086223037
89860622500086221718
89860622500086220793
89860622500086230073
89860622500086229968
89860622500086229885
89860622500086228630
89860622500086228184
89860622500086227079
89860622500086223821
89860622500086221957
89860622500086220066
89860622500086220033
89860622500086228747
89860622500086228721
89860622500086228598
89860622500086228531
89860622500086228101
89860622500086226360
89860622500086225297
89860622500086224837
89860622500086223193
89860622500086222450
89860622500086221965
89860622500086220686
89860622500086220041
89860622500086229448
89860622500086229232
89860622500086228085
89860622500086227632
89860622500086226931
89860622500086224282
89860622500086223367
89860622500086222500
89860622500086222427
89860622500086221916
89860622500086221494
89860622500086220421
89860622500086220157
89860622500086219365
89860622500086230255
89860622500086228192
89860622500086226485
89860622500086225636
89860622500086225610
89860622500086225586
89860622500086224886
89860622500086224068
89860622500086223029
89860622500086222831
89860622500086222393
89860622500086220439
89860622500086220322
89860622500086220181
89860622500086229265
89860622500086227376
89860622500086225370
89860622500086225107
89860622500086224209
89860622500086222799
89860622500086222088
89860622500086221866
89860622500086220454
89860622500086219845
89860622500086219522
89860622500086227673
89860622500086227228
89860622500086227160
89860622500086226667
89860622500086226501
89860622500086225305
89860622500086224688
89860622500086223961
89860622500086223300
89860622500086222179
89860622500086230248
89860622500086228762
89860622500086228093
89860622500086228028
89860622500086227186
89860622500086226873
89860622500086226576
89860622500086226352
89860622500086226295
89860622500086225479
89860622500086225446
89860622500086223250
89860622500086223110
89860622500086222682
89860622500086221544
89860622500086220637
89860622500086219506
89860622500086229208
89860622500086229158
89860622500086226881
89860622500086226857
89860622500086226808
89860622500086224415
89860622500086224191
89860622500086223482
89860622500086223342
89860622500086221858
89860622500086221338
89860622500086220983
89860622500086219993
89860622500086229349
89860622500086228507
89860622500086227954
89860622500086227038
89860622500086226816
89860622500086226725
89860622500086225594
89860622500086225511
89860622500086225289
89860622500086225164
89860622500086224241
89860622500086223888
89860622500086221510
89860622500086220579
89860622500086219720
89860622500086228960
89860622500086228168
89860622500086227384
89860622500086227319
89860622500086227145
89860622500086226394
89860622500086224332
89860622500086223623
89860622500086223359
89860622500086222716
89860622500086222112
89860622500086221379
89860622500086221288
89860622500086220280
89860622500086220264
89860622500086219332
89860622500086228713
89860622500086228499
89860622500086227616
89860622500086227459
89860622500086226675
89860622500086226097
89860622500086225784
89860622500086225651
89860622500086224852
89860622500086224456
89860622500086223904
89860622500086223441
89860622500086221973
89860622500086229588
89860622500086228861
89860622500086228465
89860622500086228333
89860622500086227848
89860622500086225727
89860622500086223326
89860622500086223169
89860622500086221684
89860622500086220025
89860622500086219613
89860622500086230214
89860622500086229257
89860622500086227608
89860622500086226030
89860622500086225966
89860622500086225503
89860622500086225404
89860622500086224704
89860622500086222104
89860622500086220652
89860622500086219985
89860622500086219969
89860622500086230271
89860622500086229612
89860622500086229224
89860622500086228036
89860622500086228010
89860622500086227178
89860622500086225198
89860622500086224050
89860622500086223649
89860622500086222872
89860622500086221460
89860622500086221122
89860622500086220603
89860622500086220462
89860622500086220223
89860622500086229083
89860622500086228580
89860622500086228309
89860622500086227574
89860622500086226477
89860622500086223581
89860622500086221239
89860622500086220785
89860622500086219340
89860622500086230024
89860622500086229935
89860622500086229513
89860622500086227665
89860622500086227442
89860622500086225461
89860622500086225263
89860622500086225230
89860622500086224399
89860622500086223490
89860622500086222955
89860622500086222609
89860622500086222229
89860622500086229844
89860622500086229521
89860622500086229091
89860622500086226287
89860622500086225495
89860622500086223599
89860622500086221551
89860622500086221528
89860622500086229323
89860622500086229133
89860622500086228846
89860622500086227475
89860622500086226519
89860622500086225743
89860622500086225081
89860622500086224167
89860622500086223375
89860622500086222476
89860622500086222237
89860622500086220082
89860622500086220074
89860622500086219944
89860622500086229398
89860622500086229190
89860622500086227749
89860622500086226337
89860622500086226147
89860622500086225941
89860622500086223730
89860622500086223383
89860622500086222765
89860622500086221932
89860622500086219712
89860622500086230321
89860622500086229703
89860622500086228978
89860622500086228838
89860622500086227327
89860622500086226543
89860622500086226212
89860622500086225925
89860622500086225438
89860622500086224738
89860622500086224654
89860622500086223516
89860622500086222021
89860622500086221635
89860622500086219662
89860622500086229455
89860622500086228200
89860622500086226386
89860622500086226303
89860622500086222443
89860622500086221700
89860622500086230149
89860622500086229992
89860622500086229422
89860622500086229414
89860622500086225271
89860622500086224746
89860622500086224720
89860622500086224530
89860622500086224431
89860622500086224357
89860622500086224126
89860622500086224118
89860622500086223474
89860622500086223433
89860622500086223243
89860622500086223201
89860622500086220629
89860622500086220538
89860622500086219951
89860622500086219787
89860622500086228952
89860622500086226626
89860622500086225735
89860622500086224902
89860622500086224811
89860622500086224647
89860622500086223607
89860622500086223219
89860622500086222823
89860622500086222526
89860622500086222286
89860622500086221692
89860622500086219811
89860622500086219514
89860620050002797450
89860620050002797443
89860620050002797435
89860620050002797419
89860620050002797393
89860620050002797377
89860620050002797369
89860620050002797351
89860620050002797344
89860620050002797336
89860620050002797310
89860620050002797252
89860620050002797245
89860620050002797211
89860620050002797203
89860620050002797112
89860620050002797047
89860620050002796957
89860620050002796940
89860620050002796924
89860620050002796916
89860620050002796908
89860620050002796890
89860620050002796866
89860620050002796858
89860620050002796825
89860620050002796817
89860620050002796809
89860620050002796775
89860620050002796767
89860620050002796759
89860620050002796742
89860620050002796718
89860620050002796700
89860620050002796692
89860620050002796684
89860620050002796668
89860620050002796650
89860620050002796643
89860620050002796585
89860620050002796569
89860620050002796551
89860620050002796544
89860620050002796502
89860620050002796494
89860620050002796486
89860620050002796478
89860620050002796452