89860622330058071606
89860622330058071648
89860620050002798615
89860622500086220835
89860622500086220850
89860622500086220967
89860620050002796460
89860620050002796510
89860620050002796528
89860620050002796536
89860620050002796577
89860620050002796593
89860620050002796601
89860620050002796619
89860620050002796627
89860620050002796635
89860620050002796676
89860620050002796726
89860620050002796734
89860620050002796783
89860620050002796791
89860620050002796833
89860620050002796841
89860620050002796874
89860620050002796882
89860620050002796932
89860620050002796965
89860620050002796973
89860620050002796981
89860620050002796999
89860620050002797005
89860620050002797013
89860620050002797021
89860620050002797039
89860620050002797054
89860620050002797062
89860620050002797070
89860620050002797088
89860620050002797096
89860620050002797104
89860620050002797120
89860620050002797138
89860620050002797146
89860620050002797153
89860620050002797161
89860620050002797179
89860620050002797187
89860620050002797195
89860620050002797229
89860620050002797237
89860620050002797260
89860620050002797278
89860620050002797286
89860620050002797294
89860620050002797302
89860620050002797328
89860620050002797385
89860620050002797401
89860620050002797427
89860620050002797468
89860620050002797476
89860620050002797484
89860620050002797492
89860620050002797500
89860620050002797518
89860620050002797526
89860620050002797542
89860620050002797559
89860620050002797567
89860620050002797583
89860620050002797609
89860620050002797625
89860620050002797633
89860620050002797666
89860620050002797690
89860620050002797708
89860620050002797724
89860620050002797773
89860620050002797815
89860620050002797823
89860620050002797849
89860620050002797856
89860620050002797872
89860620050002797906
89860620050002797914
89860620050002797948
89860620050002797955
89860620050002797971
89860620050002797989
89860620050002798037
89860620050002798052
89860620050002798094
89860620050002798102
89860620050002798169
89860620050002798177
89860620050002798185
89860620050002798201
89860620050002798227
89860620050002798235
89860620050002798243
89860620050002798250
89860620050002798268
89860620050002798276
89860620050002798284
89860620050002798292
89860620050002798326
89860620050002798334
89860620050002798342
89860620050002798359
89860620050002798375
89860620050002798383
89860620050002798409
89860620050002798425
89860620050002798433
89860620050002798490
89860620050002798508
89860620050002798516
89860620050002798540
89860620050002798557
89860620050002798565
89860620050002798573
89860620050002798631
89860620050002798698
89860620050002798706
89860620050002798714
89860620050002798722
89860620050002798730
89860620050002798748
89860620050002798789
89860620050002798839
89860620050002798847
89860620050002798854
89860620050002798862
89860620050002798870
89860620050002798946
89860620050002798987
89860620050002798995
89860620050002799001
89860620050002799019
89860620050002799027
89860620050002799043
89860620050002799068
89860620050002799092
89860620050002799118
89860620050002799134
89860620050002799159
89860620050002799175
89860620050002799191
89860620050002799209
89860620050002799233
89860620050002799241
89860620050002799266
89860620050002799282
89860620050002799357
89860620050002799373
89860620050002799399
89860620050002799407
89860620050002799431
89860620050002799506
89860620050002799514
89860622500086221072
89860622500086221155
89860622500086221221
89860622500086221262
89860622500086221478
89860622500086221585
89860622500086221668
89860622500086221767
89860622500086221775
89860622500086221791
89860622500086222005
89860622500086222054
89860622500086222203
89860622500086222401
89860622500086222419
89860622500086225214